3 8 
3 17 
3 21 
3 28 
3 36 
3 38 
3 43 
3 62 
3 63 
3 69 
3 81 
3 83 
3 85 
3 87 
8 17 
8 21 
8 28 
8 36 
8 38 
8 43 
8 62 
8 63 
8 69 
8 81 
8 83 
8 85 
8 87 
17 21 
17 28 
17 36 
17 38 
17 43 
17 62 
17 63 
17 69 
17 81 
17 83 
17 85 
17 87 
21 28 
21 36 
21 38 
21 43 
21 62 
21 63 
21 69 
21 81 
21 83 
21 85 
21 87 
28 36 
28 38 
28 43 
28 62 
28 63 
28 69 
28 81 
28 83 
28 85 
28 87 
36 38 
36 43 
36 62 
36 63 
36 69 
36 81 
36 83 
36 85 
36 87 
38 43 
38 62 
38 63 
38 69 
38 81 
38 83 
38 85 
38 87 
43 62 
43 63 
43 69 
43 81 
43 83 
43 85 
43 87 
62 63 
62 69 
62 81 
62 83 
62 85 
62 87 
63 69 
63 81 
63 83 
63 85 
63 87 
69 81 
69 83 
69 85 
69 87 
81 83 
81 85 
81 87 
83 85 
83 87 
85 87 
